CORN: 0.05
SOYB: 0.05
GLD: 0.05
PPLT: 0.05
SLV: 0.05
KIE: -0.009999999999999998
XLF: -0.009999999999999998
IHI: -0.009999999999999998
PJP: -0.009999999999999998
XLV: -0.009999999999999998
SPY: -0.009999999999999998
BOTZ: -0.009999999999999998
SMH: -0.009999999999999998
WEAT: 0.05
PALL: -0.03
UNG: -0.009999999999999998
BNO: 0.03
USO: 0.03
KBE: -0.03
KRE: -0.03
XBI: 0.0
HACK: -0.03
QQQ: -0.03
SKYY: -0.03
